Polygon_A:  1.44356 2.29578 1.59221 1.89107 2.27685 2.20284 2.10911 2.52943
Polygon_B:  -0.277459 3.5035 6.21229 4.5156 2.38533 1.1661 1.83568 -1.32996
